chain,min_len,max_len
